_ 0 30
_ 50 30
_ 100 30
_ 150 30
_ 200 30
_ 250 30
_ 300 30
_ 350 30
_ 400 30
_ 450 30
_ 500 30
_ 550 30
_ 600 30
_ 650 30
_ 700 30
_ 750 30
_ 800 30
_ 850 30
_ 900 30
_ 950 30
_ 1000 30
_ 1050 30
_ 1100 30
_ 1150 30

| -20 80
| -20 130
| -20 180
| -20 230
| -20 280
| -20 330
| -20 380
| -20 430
| -20 480
| -20 530
| -20 580
| -20 630
| -20 680
| -20 730
| -20 780
| -20 830

| 1150 80
| 1150 130
| 1150 180
| 1150 230
| 1150 280
| 1150 330
| 1150 380
| 1150 430
| 1150 480
| 1150 530
| 1150 580
| 1150 630
| 1150 680
| 1150 730
| 1150 780
| 1150 830

= 10 200
= 550 200

= 300 330

= 10 450

= 400 550

= 1000 400

H 50 390

~ 650 430

^ 500 380

M 600 300
